     2.00           CLOCK DATA                              RINEX VERSION / TYPE
CCRNXC V5.5         AIUB                04-SEP-26 18:38     PGM / RUN BY / DATE 
CODE RAPID PRECISE CLOCK INFORMATION                        COMMENT             
BASED ON CODE AND PHASE MEASUREMENTS                        COMMENT             
MERGED CLOCK INFORMATION FROM 5-MINUTE AND                  COMMENT             
30-SECOND CLOCK CORRECTIONS                                 COMMENT             
   GPS                                                      TIME SYSTEM ID      
G GPSEST V5.5       IGS20_2425                              SYS / PCVS APPLIED  
G GPSEST V5.5       CODE.BIA @ ftp.aiub.unibe.ch/CODE/      SYS / DCBS APPLIED  
COD  Center for Orbit Determination in Europe               ANALYSIS CENTER     
     1                                                      # OF CLK REF        
MGUE 41558M001                           0.000000000000E+00 ANALYSIS CLK REF    
                                                            END OF HEADER       
AS G01  2026 09 03 03 53 00.000000  1    0.181514965358E-03                              
AS G02  2026 09 03 03 53 00.000000  1    0.168975975389E-03                              
AS G03  2026 09 03 03 53 00.000000  1    0.288866395393E-03                              
AS G05  2026 09 03 03 53 00.000000  1   -0.236486941688E-03                              
AS G06  2026 09 03 03 53 00.000000  1   -0.533936326239E-03                              
AS G07  2026 09 03 03 53 00.000000  1   -0.221234149701E-03                              
AS G08  2026 09 03 03 53 00.000000  1    0.356945976457E-03                              
AS G09  2026 09 03 03 53 00.000000  1    0.687312820916E-03                              
AS G10  2026 09 03 03 53 00.000000  1   -0.540103428197E-03                              
AS G12  2026 09 03 03 53 00.000000  1   -0.602923022959E-03                              
AS G13  2026 09 03 03 53 00.000000  1    0.437267163888E-03                              
AS G15  2026 09 03 03 53 00.000000  1    0.441641872508E-03                              
AS G17  2026 09 03 03 53 00.000000  1   -0.196486959150E-03                              
AS G19  2026 09 03 03 53 00.000000  1    0.704935945918E-03                              
AS G20  2026 09 03 03 53 00.000000  1    0.276681076440E-03                              
AS G21  2026 09 03 03 53 00.000000  1    0.370854759805E-03                              
AS G22  2026 09 03 03 53 00.000000  1    0.725177620583E-04                              
AS G23  2026 09 03 03 53 00.000000  1    0.685413286447E-03                              
AS G24  2026 09 03 03 53 00.000000  1    0.190299913495E-03                              
AS G27  2026 09 03 03 53 00.000000  1    0.450601497773E-06                              
AS G30  2026 09 03 03 53 00.000000  1    0.351190425238E-03                              
AS G01  2026 09 03 03 53 30.000000  1    0.181514699533E-03                              
AS G02  2026 09 03 03 53 30.000000  1    0.168976267016E-03                              
AS G03  2026 09 03 03 53 30.000000  1    0.288865768415E-03                              
AS G05  2026 09 03 03 53 30.000000  1   -0.236486953997E-03                              
AS G06  2026 09 03 03 53 30.000000  1   -0.533935997915E-03                              
AS G07  2026 09 03 03 53 30.000000  1   -0.221234245357E-03                              
AS G08  2026 09 03 03 53 30.000000  1    0.356945669779E-03                              
AS G09  2026 09 03 03 53 30.000000  1    0.687312571906E-03                              
AS G10  2026 09 03 03 53 30.000000  1   -0.540103218940E-03                              
AS G12  2026 09 03 03 53 30.000000  1   -0.602922992706E-03                              
AS G13  2026 09 03 03 53 30.000000  1    0.437267306584E-03                              
AS G15  2026 09 03 03 53 30.000000  1    0.441641986517E-03                              
AS G17  2026 09 03 03 53 30.000000  1   -0.196487092918E-03                              
AS G19  2026 09 03 03 53 30.000000  1    0.704935908361E-03                              
AS G20  2026 09 03 03 53 30.000000  1    0.276681346567E-03                              
AS G21  2026 09 03 03 53 30.000000  1    0.370854524946E-03                              
AS G22  2026 09 03 03 53 30.000000  1    0.725180513875E-04                              
AS G23  2026 09 03 03 53 30.000000  1    0.685413404554E-03                              
AS G24  2026 09 03 03 53 30.000000  1    0.190300445731E-03                              
AS G27  2026 09 03 03 53 30.000000  1    0.450575608127E-06                              
AS G30  2026 09 03 03 53 30.000000  1    0.351190797629E-03                              
AS G01  2026 09 03 03 54 00.000000  1    0.181514407666E-03                              
AS G02  2026 09 03 03 54 00.000000  1    0.168976413580E-03                              
AS G03  2026 09 03 03 54 00.000000  1    0.288865151666E-03                              
AS G05  2026 09 03 03 54 00.000000  1   -0.236486979133E-03                              
AS G06  2026 09 03 03 54 00.000000  1   -0.533935676502E-03                              
AS G07  2026 09 03 03 54 00.000000  1   -0.221234390108E-03                              
AS G08  2026 09 03 03 54 00.000000  1    0.356945350087E-03                              
AS G09  2026 09 03 03 54 00.000000  1    0.687312309027E-03                              
AS G10  2026 09 03 03 54 00.000000  1   -0.540103006357E-03                              
AS G12  2026 09 03 03 54 00.000000  1   -0.602922967103E-03                              
AS G13  2026 09 03 03 54 00.000000  1    0.437267443432E-03                              
AS G15  2026 09 03 03 54 00.000000  1    0.441642066011E-03                              
AS G17  2026 09 03 03 54 00.000000  1   -0.196487228270E-03                              
AS G19  2026 09 03 03 54 00.000000  1    0.704935900946E-03                              
AS G20  2026 09 03 03 54 00.000000  1    0.276681623558E-03                              
AS G21  2026 09 03 03 54 00.000000  1    0.370854288278E-03                              
AS G22  2026 09 03 03 54 00.000000  1    0.725182794910E-04                              
AS G23  2026 09 03 03 54 00.000000  1    0.685413513887E-03                              
AS G24  2026 09 03 03 54 00.000000  1    0.190300957306E-03                              
AS G27  2026 09 03 03 54 00.000000  1    0.450672529157E-06                              
AS G30  2026 09 03 03 54 00.000000  1    0.351191170392E-03                              
AS G01  2026 09 03 03 54 30.000000  1    0.181514137986E-03                              
AS G02  2026 09 03 03 54 30.000000  1    0.168976639616E-03                              
AS G03  2026 09 03 03 54 30.000000  1    0.288864519967E-03                              
AS G05  2026 09 03 03 54 30.000000  1   -0.236487067191E-03                              
AS G06  2026 09 03 03 54 30.000000  1   -0.533935358138E-03                              
AS G07  2026 09 03 03 54 30.000000  1   -0.221234499111E-03                              
AS G08  2026 09 03 03 54 30.000000  1    0.356945046478E-03                              
AS G09  2026 09 03 03 54 30.000000  1    0.687312039378E-03                              
AS G10  2026 09 03 03 54 30.000000  1   -0.540102800270E-03                              
AS G12  2026 09 03 03 54 30.000000  1   -0.602922930114E-03                              
AS G13  2026 09 03 03 54 30.000000  1    0.437267589215E-03                              
AS G15  2026 09 03 03 54 30.000000  1    0.441642119900E-03                              
AS G17  2026 09 03 03 54 30.000000  1   -0.196487441285E-03                              
AS G19  2026 09 03 03 54 30.000000  1    0.704935947016E-03                              
AS G20  2026 09 03 03 54 30.000000  1    0.276681899278E-03                              
AS G21  2026 09 03 03 54 30.000000  1    0.370854055600E-03                              
AS G22  2026 09 03 03 54 30.000000  1    0.725184785150E-04                              
AS G23  2026 09 03 03 54 30.000000  1    0.685413625851E-03                              
AS G24  2026 09 03 03 54 30.000000  1    0.190301475833E-03                              
AS G27  2026 09 03 03 54 30.000000  1    0.450784586856E-06                              
AS G30  2026 09 03 03 54 30.000000  1    0.351191540112E-03                              
AS G01  2026 09 03 03 55 00.000000  2    0.181513862662E-03  0.901111758928E-11          
AS G02  2026 09 03 03 55 00.000000  2    0.168976728126E-03  0.896742828386E-11          
AS G03  2026 09 03 03 55 00.000000  2    0.288863911610E-03  0.927926367992E-11          
AS G05  2026 09 03 03 55 00.000000  2   -0.236487099172E-03  0.920034060785E-11          
AS G06  2026 09 03 03 55 00.000000  2   -0.533935031472E-03  0.936653023675E-11          
AS G07  2026 09 03 03 55 00.000000  2   -0.221234646853E-03  0.911965934631E-11          
AS G08  2026 09 03 03 55 00.000000  2    0.356944735860E-03  0.896509776358E-11          
AS G09  2026 09 03 03 55 00.000000  2    0.687311781177E-03  0.934732203270E-11          
AS G10  2026 09 03 03 55 00.000000  2   -0.540102591495E-03  0.900451993583E-11          
AS G12  2026 09 03 03 55 00.000000  2   -0.602922847035E-03  0.914859481875E-11          
AS G13  2026 09 03 03 55 00.000000  2    0.437267747619E-03  0.916214720199E-11          
AS G15  2026 09 03 03 55 00.000000  2    0.441642160117E-03  0.930987114609E-11          
AS G17  2026 09 03 03 55 00.000000  2   -0.196487676813E-03  0.915684444420E-11          
AS G19  2026 09 03 03 55 00.000000  2    0.704935924587E-03  0.935092535884E-11          
AS G20  2026 09 03 03 55 00.000000  2    0.276682173883E-03  0.922274935142E-11          
AS G21  2026 09 03 03 55 00.000000  2    0.370853829786E-03  0.919664587890E-11          
AS G22  2026 09 03 03 55 00.000000  2    0.725187433193E-04  0.911614312519E-11          
AS G23  2026 09 03 03 55 00.000000  2    0.685413735464E-03  0.914201452802E-11          
AS G24  2026 09 03 03 55 00.000000  2    0.190302000411E-03  0.959177008378E-11          
AS G27  2026 09 03 03 55 00.000000  2    0.450803623363E-06  0.901662195920E-11          
AS G30  2026 09 03 03 55 00.000000  2    0.351191913900E-03  0.908377808218E-11          
AS G01  2026 09 03 03 55 30.000000  1    0.181513582644E-03                              
AS G02  2026 09 03 03 55 30.000000  1    0.168976927086E-03                              
AS G03  2026 09 03 03 55 30.000000  1    0.288863289024E-03                              
AS G05  2026 09 03 03 55 30.000000  1   -0.236487181494E-03                              
AS G06  2026 09 03 03 55 30.000000  1   -0.533934696613E-03                              
AS G07  2026 09 03 03 55 30.000000  1   -0.221234669878E-03                              
AS G08  2026 09 03 03 55 30.000000  1    0.356944427425E-03                              
AS G09  2026 09 03 03 55 30.000000  1    0.687311520285E-03                              
AS G10  2026 09 03 03 55 30.000000  1   -0.540102365788E-03                              
AS G12  2026 09 03 03 55 30.000000  1   -0.602922819562E-03                              
AS G13  2026 09 03 03 55 30.000000  1    0.437267895013E-03                              
AS G15  2026 09 03 03 55 30.000000  1    0.441642260767E-03                              
AS G17  2026 09 03 03 55 30.000000  1   -0.196487606480E-03                              
AS G19  2026 09 03 03 55 30.000000  1    0.704935820388E-03                              
AS G20  2026 09 03 03 55 30.000000  1    0.276682440595E-03                              
AS G21  2026 09 03 03 55 30.000000  1    0.370853594653E-03                              
AS G22  2026 09 03 03 55 30.000000  1    0.725189664487E-04                              
AS G23  2026 09 03 03 55 30.000000  1    0.685413840595E-03                              
AS G24  2026 09 03 03 55 30.000000  1    0.190302514979E-03                              
AS G27  2026 09 03 03 55 30.000000  1    0.450797140108E-06                              
AS G30  2026 09 03 03 55 30.000000  1    0.351192280194E-03                              
AS G01  2026 09 03 03 56 00.000000  1    0.181513316015E-03                              
AS G02  2026 09 03 03 56 00.000000  1    0.168977184589E-03                              
AS G03  2026 09 03 03 56 00.000000  1    0.288862664396E-03                              
AS G05  2026 09 03 03 56 00.000000  1   -0.236487035878E-03                              
AS G06  2026 09 03 03 56 00.000000  1   -0.533934374953E-03                              
AS G07  2026 09 03 03 56 00.000000  1   -0.221234702404E-03                              
AS G08  2026 09 03 03 56 00.000000  1    0.356944126077E-03                              
AS G09  2026 09 03 03 56 00.000000  1    0.687311272888E-03                              
AS G10  2026 09 03 03 56 00.000000  1   -0.540102147134E-03                              
AS G12  2026 09 03 03 56 00.000000  1   -0.602922757415E-03                              
AS G13  2026 09 03 03 56 00.000000  1    0.437268043315E-03                              
AS G15  2026 09 03 03 56 00.000000  1    0.441642297399E-03                              
AS G17  2026 09 03 03 56 00.000000  1   -0.196487731880E-03                              
AS G19  2026 09 03 03 56 00.000000  1    0.704935965649E-03                              
AS G20  2026 09 03 03 56 00.000000  1    0.276682716767E-03                              
AS G21  2026 09 03 03 56 00.000000  1    0.370853363074E-03                              
AS G22  2026 09 03 03 56 00.000000  1    0.725193074490E-04                              
AS G23  2026 09 03 03 56 00.000000  1    0.685413952753E-03                              
AS G24  2026 09 03 03 56 00.000000  1    0.190303035103E-03                              
AS G27  2026 09 03 03 56 00.000000  1    0.450621785848E-06                              
AS G30  2026 09 03 03 56 00.000000  1    0.351192664391E-03                              
AS G01  2026 09 03 03 56 30.000000  1    0.181513050025E-03                              
AS G02  2026 09 03 03 56 30.000000  1    0.168977459381E-03                              
AS G03  2026 09 03 03 56 30.000000  1    0.288862053509E-03                              
AS G05  2026 09 03 03 56 30.000000  1   -0.236487130052E-03                              
AS G06  2026 09 03 03 56 30.000000  1   -0.533934044095E-03                              
AS G07  2026 09 03 03 56 30.000000  1   -0.221234808147E-03                              
AS G08  2026 09 03 03 56 30.000000  1    0.356943814650E-03                              
AS G09  2026 09 03 03 56 30.000000  1    0.687311016525E-03                              
AS G10  2026 09 03 03 56 30.000000  1   -0.540101926194E-03                              
AS G12  2026 09 03 03 56 30.000000  1   -0.602922788943E-03                              
AS G13  2026 09 03 03 56 30.000000  1    0.437268192724E-03                              
AS G15  2026 09 03 03 56 30.000000  1    0.441642341156E-03                              
AS G17  2026 09 03 03 56 30.000000  1   -0.196487824687E-03                              
AS G19  2026 09 03 03 56 30.000000  1    0.704935984892E-03                              
AS G20  2026 09 03 03 56 30.000000  1    0.276683008259E-03                              
AS G21  2026 09 03 03 56 30.000000  1    0.370853133057E-03                              
AS G22  2026 09 03 03 56 30.000000  1    0.725195441077E-04                              
AS G23  2026 09 03 03 56 30.000000  1    0.685414058371E-03                              
AS G24  2026 09 03 03 56 30.000000  1    0.190303574506E-03                              
AS G27  2026 09 03 03 56 30.000000  1    0.450614274566E-06                              
AS G30  2026 09 03 03 56 30.000000  1    0.351193036299E-03                              
AS G01  2026 09 03 03 57 00.000000  1    0.181512778453E-03                              
AS G02  2026 09 03 03 57 00.000000  1    0.168977670898E-03                              
AS G03  2026 09 03 03 57 00.000000  1    0.288861438334E-03                              
AS G05  2026 09 03 03 57 00.000000  1   -0.236487232556E-03                              
AS G06  2026 09 03 03 57 00.000000  1   -0.533933718998E-03                              
AS G07  2026 09 03 03 57 00.000000  1   -0.221234992788E-03                              
AS G08  2026 09 03 03 57 00.000000  1    0.356943507214E-03                              
AS G09  2026 09 03 03 57 00.000000  1    0.687310759952E-03                              
AS G10  2026 09 03 03 57 00.000000  1   -0.540101710512E-03                              
AS G12  2026 09 03 03 57 00.000000  1   -0.602922855593E-03                              
AS G13  2026 09 03 03 57 00.000000  1    0.437268340584E-03                              
AS G15  2026 09 03 03 57 00.000000  1    0.441642526416E-03                              
AS G17  2026 09 03 03 57 00.000000  1   -0.196487903427E-03                              
AS G19  2026 09 03 03 57 00.000000  1    0.704935901273E-03                              
AS G20  2026 09 03 03 57 00.000000  1    0.276683274621E-03                              
AS G21  2026 09 03 03 57 00.000000  1    0.370852882814E-03                              
AS G22  2026 09 03 03 57 00.000000  1    0.725197029271E-04                              
AS G23  2026 09 03 03 57 00.000000  1    0.685414172831E-03                              
AS G24  2026 09 03 03 57 00.000000  1    0.190304091959E-03                              
AS G27  2026 09 03 03 57 00.000000  1    0.450601056480E-06                              
AS G30  2026 09 03 03 57 00.000000  1    0.351193404053E-03                              
AS G01  2026 09 03 03 57 30.000000  1    0.181512508425E-03                              
AS G02  2026 09 03 03 57 30.000000  1    0.168977865888E-03                              
AS G03  2026 09 03 03 57 30.000000  1    0.288860816738E-03                              
AS G05  2026 09 03 03 57 30.000000  1   -0.236487241362E-03                              
AS G06  2026 09 03 03 57 30.000000  1   -0.533933390055E-03                              
AS G07  2026 09 03 03 57 30.000000  1   -0.221235114152E-03                              
AS G08  2026 09 03 03 57 30.000000  1    0.356943188334E-03                              
AS G09  2026 09 03 03 57 30.000000  1    0.687310500904E-03                              
AS G10  2026 09 03 03 57 30.000000  1   -0.540101489930E-03                              
AS G12  2026 09 03 03 57 30.000000  1   -0.602922841721E-03                              
AS G13  2026 09 03 03 57 30.000000  1    0.437268482237E-03                              
AS G15  2026 09 03 03 57 30.000000  1    0.441642580146E-03                              
AS G17  2026 09 03 03 57 30.000000  1   -0.196487981976E-03                              
AS G19  2026 09 03 03 57 30.000000  1    0.704935865293E-03                              
AS G20  2026 09 03 03 57 30.000000  1    0.276683553929E-03                              
AS G21  2026 09 03 03 57 30.000000  1    0.370852653683E-03                              
AS G22  2026 09 03 03 57 30.000000  1    0.725199803692E-04                              
AS G23  2026 09 03 03 57 30.000000  1    0.685414284767E-03                              
AS G24  2026 09 03 03 57 30.000000  1    0.190304602266E-03                              
AS G27  2026 09 03 03 57 30.000000  1    0.450624930485E-06                              
AS G30  2026 09 03 03 57 30.000000  1    0.351193780902E-03                              
AS G01  2026 09 03 03 58 00.000000  1    0.181512226173E-03                              
AS G02  2026 09 03 03 58 00.000000  1    0.168978046574E-03                              
AS G03  2026 09 03 03 58 00.000000  1    0.288860198514E-03                              
AS G05  2026 09 03 03 58 00.000000  1   -0.236487145565E-03                              
AS G06  2026 09 03 03 58 00.000000  1   -0.533933065846E-03                              
AS G07  2026 09 03 03 58 00.000000  1   -0.221235160473E-03                              
AS G08  2026 09 03 03 58 00.000000  1    0.356942886042E-03                              
AS G09  2026 09 03 03 58 00.000000  1    0.687310228739E-03                              
AS G10  2026 09 03 03 58 00.000000  1   -0.540101281303E-03                              
AS G12  2026 09 03 03 58 00.000000  1   -0.602922874206E-03                              
AS G13  2026 09 03 03 58 00.000000  1    0.437268621789E-03                              
AS G15  2026 09 03 03 58 00.000000  1    0.441642509963E-03                              
AS G17  2026 09 03 03 58 00.000000  1   -0.196488114619E-03                              
AS G19  2026 09 03 03 58 00.000000  1    0.704935902038E-03                              
AS G20  2026 09 03 03 58 00.000000  1    0.276683834344E-03                              
AS G21  2026 09 03 03 58 00.000000  1    0.370852432240E-03                              
AS G22  2026 09 03 03 58 00.000000  1    0.725202825876E-04                              
AS G23  2026 09 03 03 58 00.000000  1    0.685414396842E-03                              
AS G24  2026 09 03 03 58 00.000000  1    0.190305136485E-03                              
AS G27  2026 09 03 03 58 00.000000  1    0.450644982685E-06                              
AS G30  2026 09 03 03 58 00.000000  1    0.351194154860E-03                              
AS G01  2026 09 03 03 58 30.000000  1    0.181511963127E-03                              
AS G02  2026 09 03 03 58 30.000000  1    0.168978229484E-03                              
AS G03  2026 09 03 03 58 30.000000  1    0.288859581750E-03                              
AS G05  2026 09 03 03 58 30.000000  1   -0.236487007535E-03                              
AS G06  2026 09 03 03 58 30.000000  1   -0.533932745366E-03                              
AS G07  2026 09 03 03 58 30.000000  1   -0.221235136529E-03                              
AS G08  2026 09 03 03 58 30.000000  1    0.356942580547E-03                              
AS G09  2026 09 03 03 58 30.000000  1    0.687309972471E-03                              
AS G10  2026 09 03 03 58 30.000000  1   -0.540101078727E-03                              
AS G12  2026 09 03 03 58 30.000000  1   -0.602922988013E-03                              
AS G13  2026 09 03 03 58 30.000000  1    0.437268767909E-03                              
AS G15  2026 09 03 03 58 30.000000  1    0.441642529196E-03                              
AS G17  2026 09 03 03 58 30.000000  1   -0.196488203001E-03                              
AS G19  2026 09 03 03 58 30.000000  1    0.704935833240E-03                              
AS G20  2026 09 03 03 58 30.000000  1    0.276684108198E-03                              
AS G21  2026 09 03 03 58 30.000000  1    0.370852201955E-03                              
AS G22  2026 09 03 03 58 30.000000  1    0.725206260460E-04                              
AS G23  2026 09 03 03 58 30.000000  1    0.685414497914E-03                              
AS G24  2026 09 03 03 58 30.000000  1    0.190305650838E-03                              
AS G27  2026 09 03 03 58 30.000000  1    0.450745539949E-06                              
AS G30  2026 09 03 03 58 30.000000  1    0.351194521754E-03                              
AS G01  2026 09 03 03 59 00.000000  1    0.181511678420E-03                              
AS G02  2026 09 03 03 59 00.000000  1    0.168978450438E-03                              
AS G03  2026 09 03 03 59 00.000000  1    0.288858947701E-03                              
AS G05  2026 09 03 03 59 00.000000  1   -0.236487000080E-03                              
AS G06  2026 09 03 03 59 00.000000  1   -0.533932425163E-03                              
AS G07  2026 09 03 03 59 00.000000  1   -0.221235253055E-03                              
AS G08  2026 09 03 03 59 00.000000  1    0.356942264796E-03                              
AS G09  2026 09 03 03 59 00.000000  1    0.687309704494E-03                              
AS G10  2026 09 03 03 59 00.000000  1   -0.540100859846E-03                              
AS G12  2026 09 03 03 59 00.000000  1   -0.602922986815E-03                              
AS G13  2026 09 03 03 59 00.000000  1    0.437268911478E-03                              
AS G15  2026 09 03 03 59 00.000000  1    0.441642681569E-03                              
AS G17  2026 09 03 03 59 00.000000  1   -0.196488396861E-03                              
AS G19  2026 09 03 03 59 00.000000  1    0.704935858571E-03                              
AS G20  2026 09 03 03 59 00.000000  1    0.276684388205E-03                              
AS G21  2026 09 03 03 59 00.000000  1    0.370851952467E-03                              
AS G22  2026 09 03 03 59 00.000000  1    0.725209843661E-04                              
AS G23  2026 09 03 03 59 00.000000  1    0.685414611767E-03                              
AS G24  2026 09 03 03 59 00.000000  1    0.190306162731E-03                              
AS G27  2026 09 03 03 59 00.000000  1    0.450833204443E-06                              
AS G30  2026 09 03 03 59 00.000000  1    0.351194885696E-03                              
AS G01  2026 09 03 03 59 30.000000  1    0.181511405773E-03                              
AS G02  2026 09 03 03 59 30.000000  1    0.168978656804E-03                              
AS G03  2026 09 03 03 59 30.000000  1    0.288858325713E-03                              
AS G05  2026 09 03 03 59 30.000000  1   -0.236487066093E-03                              
AS G06  2026 09 03 03 59 30.000000  1   -0.533932102835E-03                              
AS G07  2026 09 03 03 59 30.000000  1   -0.221235398275E-03                              
AS G08  2026 09 03 03 59 30.000000  1    0.356941953229E-03                              
AS G09  2026 09 03 03 59 30.000000  1    0.687309435411E-03                              
AS G10  2026 09 03 03 59 30.000000  1   -0.540100631695E-03                              
AS G12  2026 09 03 03 59 30.000000  1   -0.602922948123E-03                              
AS G13  2026 09 03 03 59 30.000000  1    0.437269057315E-03                              
AS G15  2026 09 03 03 59 30.000000  1    0.441642778241E-03                              
AS G17  2026 09 03 03 59 30.000000  1   -0.196488660600E-03                              
AS G19  2026 09 03 03 59 30.000000  1    0.704935904826E-03                              
AS G20  2026 09 03 03 59 30.000000  1    0.276684663590E-03                              
AS G21  2026 09 03 03 59 30.000000  1    0.370851713168E-03                              
AS G22  2026 09 03 03 59 30.000000  1    0.725211942709E-04                              
AS G23  2026 09 03 03 59 30.000000  1    0.685414710277E-03                              
AS G24  2026 09 03 03 59 30.000000  1    0.190306680866E-03                              
AS G27  2026 09 03 03 59 30.000000  1    0.450719516158E-06                              
AS G30  2026 09 03 03 59 30.000000  1    0.351195256576E-03                              
AS G01  2026 09 03 04 00 00.000000  2    0.181511123788E-03  0.921493279611E-11          
AS G02  2026 09 03 04 00 00.000000  2    0.168978880686E-03  0.917616245971E-11          
AS G03  2026 09 03 04 00 00.000000  2    0.288857713333E-03  0.948306090609E-11          
AS G05  2026 09 03 04 00 00.000000  2   -0.236487090957E-03  0.940118260914E-11          
AS G06  2026 09 03 04 00 00.000000  2   -0.533931789118E-03  0.957104170801E-11          
AS G07  2026 09 03 04 00 00.000000  2   -0.221235543578E-03  0.933805240151E-11          
AS G08  2026 09 03 04 00 00.000000  2    0.356941647674E-03  0.917717471566E-11          
AS G09  2026 09 03 04 00 00.000000  2    0.687309161309E-03  0.954585595416E-11          
AS G10  2026 09 03 04 00 00.000000  2   -0.540100432633E-03  0.921758395545E-11          
AS G12  2026 09 03 04 00 00.000000  2   -0.602922860918E-03  0.936004778212E-11          
AS G13  2026 09 03 04 00 00.000000  2    0.437269201041E-03  0.937539838599E-11          
AS G15  2026 09 03 04 00 00.000000  2    0.441642839379E-03  0.951379212952E-11          
AS G17  2026 09 03 04 00 00.000000  2   -0.196488766515E-03  0.935512454233E-11          
AS G19  2026 09 03 04 00 00.000000  2    0.704935903688E-03  0.954954186662E-11          
AS G20  2026 09 03 04 00 00.000000  2    0.276684937644E-03  0.943306775122E-11          
AS G21  2026 09 03 04 00 00.000000  2    0.370851471544E-03  0.940333781680E-11          
AS G22  2026 09 03 04 00 00.000000  2    0.725214028798E-04  0.931899961451E-11          
AS G23  2026 09 03 04 00 00.000000  2    0.685414814711E-03  0.937288618494E-11          
AS G24  2026 09 03 04 00 00.000000  2    0.190307196529E-03  0.978636295797E-11          
AS G27  2026 09 03 04 00 00.000000  2    0.450641064872E-06  0.923325399106E-11          
AS G30  2026 09 03 04 00 00.000000  2    0.351195622159E-03  0.929426992848E-11          
AS G01  2026 09 03 04 00 30.000000  1    0.181510843975E-03                              
AS G02  2026 09 03 04 00 30.000000  1    0.168979085331E-03                              
AS G03  2026 09 03 04 00 30.000000  1    0.288857086175E-03                              
AS G05  2026 09 03 04 00 30.000000  1   -0.236487219230E-03                              
AS G06  2026 09 03 04 00 30.000000  1   -0.533931461308E-03                              
AS G07  2026 09 03 04 00 30.000000  1   -0.221235677180E-03                              
AS G08  2026 09 03 04 00 30.000000  1    0.356941339533E-03                              
AS G09  2026 09 03 04 00 30.000000  1    0.687308892150E-03                              
AS G10  2026 09 03 04 00 30.000000  1   -0.540100206909E-03                              
AS G12  2026 09 03 04 00 30.000000  1   -0.602922808820E-03                              
AS G13  2026 09 03 04 00 30.000000  1    0.437269350217E-03                              
AS G15  2026 09 03 04 00 30.000000  1    0.441642942233E-03                              
AS G17  2026 09 03 04 00 30.000000  1   -0.196488802919E-03                              
AS G19  2026 09 03 04 00 30.000000  1    0.704935871397E-03                              
AS G20  2026 09 03 04 00 30.000000  1    0.276685206167E-03                              
AS G21  2026 09 03 04 00 30.000000  1    0.370851249111E-03                              
AS G22  2026 09 03 04 00 30.000000  1    0.725216649303E-04                              
AS G23  2026 09 03 04 00 30.000000  1    0.685414926117E-03                              
AS G24  2026 09 03 04 00 30.000000  1    0.190307718998E-03                              
AS G27  2026 09 03 04 00 30.000000  1    0.450609108832E-06                              
AS G30  2026 09 03 04 00 30.000000  1    0.351195992680E-03                              
AS G01  2026 09 03 04 01 00.000000  1    0.181510567667E-03                              
AS G02  2026 09 03 04 01 00.000000  1    0.168979307210E-03                              
AS G03  2026 09 03 04 01 00.000000  1    0.288856466287E-03                              
AS G05  2026 09 03 04 01 00.000000  1   -0.236487251067E-03                              
AS G06  2026 09 03 04 01 00.000000  1   -0.533931137964E-03                              
AS G07  2026 09 03 04 01 00.000000  1   -0.221235806236E-03                              
AS G08  2026 09 03 04 01 00.000000  1    0.356941028486E-03                              
AS G09  2026 09 03 04 01 00.000000  1    0.687308624880E-03                              
AS G10  2026 09 03 04 01 00.000000  1   -0.540100000429E-03                              
AS G12  2026 09 03 04 01 00.000000  1   -0.602922716574E-03                              
AS G13  2026 09 03 04 01 00.000000  1    0.437269488042E-03                              
AS G15  2026 09 03 04 01 00.000000  1    0.441643112230E-03                              
AS G17  2026 09 03 04 01 00.000000  1   -0.196488871625E-03                              
AS G19  2026 09 03 04 01 00.000000  1    0.704935837300E-03                              
AS G20  2026 09 03 04 01 00.000000  1    0.276685482366E-03                              
AS G21  2026 09 03 04 01 00.000000  1    0.370851011967E-03                              
AS G22  2026 09 03 04 01 00.000000  1    0.725219157015E-04                              
AS G23  2026 09 03 04 01 00.000000  1    0.685415036152E-03                              
AS G24  2026 09 03 04 01 00.000000  1    0.190308233623E-03                              
AS G27  2026 09 03 04 01 00.000000  1    0.450507350243E-06                              
AS G30  2026 09 03 04 01 00.000000  1    0.351196360068E-03                              
AS G01  2026 09 03 04 01 30.000000  1    0.181510287881E-03                              
AS G02  2026 09 03 04 01 30.000000  1    0.168979462184E-03                              
AS G03  2026 09 03 04 01 30.000000  1    0.288855828256E-03                              
AS G05  2026 09 03 04 01 30.000000  1   -0.236487308566E-03                              
AS G06  2026 09 03 04 01 30.000000  1   -0.533930812862E-03                              
AS G07  2026 09 03 04 01 30.000000  1   -0.221235838626E-03                              
AS G08  2026 09 03 04 01 30.000000  1    0.356940721449E-03                              
AS G09  2026 09 03 04 01 30.000000  1    0.687308363288E-03                              
AS G10  2026 09 03 04 01 30.000000  1   -0.540099785736E-03                              
AS G12  2026 09 03 04 01 30.000000  1   -0.602922576409E-03                              
AS G13  2026 09 03 04 01 30.000000  1    0.437269631186E-03                              
AS G15  2026 09 03 04 01 30.000000  1    0.441643212689E-03                              
AS G17  2026 09 03 04 01 30.000000  1   -0.196489024899E-03                              
AS G19  2026 09 03 04 01 30.000000  1    0.704935831954E-03                              
AS G20  2026 09 03 04 01 30.000000  1    0.276685760698E-03                              
AS G21  2026 09 03 04 01 30.000000  1    0.370850768794E-03                              
AS G22  2026 09 03 04 01 30.000000  1    0.725221929600E-04                              
AS G23  2026 09 03 04 01 30.000000  1    0.685415153513E-03                              
AS G24  2026 09 03 04 01 30.000000  1    0.190308747630E-03                              
AS G27  2026 09 03 04 01 30.000000  1    0.450504120343E-06                              
AS G30  2026 09 03 04 01 30.000000  1    0.351196731886E-03                              
AS G01  2026 09 03 04 02 00.000000  1    0.181510016099E-03                              
AS G02  2026 09 03 04 02 00.000000  1    0.168979639231E-03                              
AS G03  2026 09 03 04 02 00.000000  1    0.288855212665E-03                              
AS G05  2026 09 03 04 02 00.000000  1   -0.236487329355E-03                              
AS G06  2026 09 03 04 02 00.000000  1   -0.533930491192E-03                              
AS G07  2026 09 03 04 02 00.000000  1   -0.221235914544E-03                              
AS G08  2026 09 03 04 02 00.000000  1    0.356940407790E-03                              
AS G09  2026 09 03 04 02 00.000000  1    0.687308100208E-03                              
AS G10  2026 09 03 04 02 00.000000  1   -0.540099574795E-03                              
AS G12  2026 09 03 04 02 00.000000  1   -0.602922584319E-03                              
AS G13  2026 09 03 04 02 00.000000  1    0.437269776581E-03                              
AS G15  2026 09 03 04 02 00.000000  1    0.441643292771E-03                              
AS G17  2026 09 03 04 02 00.000000  1   -0.196489194121E-03                              
AS G19  2026 09 03 04 02 00.000000  1    0.704935845676E-03                              
AS G20  2026 09 03 04 02 00.000000  1    0.276686021754E-03                              
AS G21  2026 09 03 04 02 00.000000  1    0.370850515364E-03                              
AS G22  2026 09 03 04 02 00.000000  1    0.725225337479E-04                              
AS G23  2026 09 03 04 02 00.000000  1    0.685415256429E-03                              
AS G24  2026 09 03 04 02 00.000000  1    0.190309274586E-03                              
AS G27  2026 09 03 04 02 00.000000  1    0.450483886527E-06                              
AS G30  2026 09 03 04 02 00.000000  1    0.351197093280E-03                              
