VERSION 2
CODE'S 3-DAY FINAL SOLUTION FOR DAY 248, 2026                    11-SEP-26 17:01
-------------------------------------------------------------------------------------------------------------------------------------------------
NUTATION MODEL       : IAU2000R06               SUBDAILY POLE MODEL: DESAI2016
  MJD         X-P      Y-P   UT1UTC    LOD   S-X   S-Y  S-UT  S-LD  NR  NF  NT   X-RT   Y-RT  S-XR  S-YR C-XY C-XT C-YT   DPSI   DEPS  S-DP  S-DE
              E-6"     E-6"    E-7S E-7S/D   E-6"  E-6" E-7S E-7S/D                 E-6"/D      E-6"/D    E-2  E-2  E-2    E-6"   E-6"  E-6"  E-6"
61287.00   207041   338138     9924    979     4     4     4     3 935 639  82  -1807  -1024     3     3    4   -9    9      0      0     0     0
61287.50   206137   337626     9434    448     3     3     2     3 935 639  82  -1807  -1024     5     5    3   -6    5      0      0     0     0
61288.00   205234   337114     9210    421     3     4     1     2 935 639  82  -1758   -890     3     3    3    0    0      0      0     0     0
61288.50   204355   336669     9000    545     3     3     2     5 935 639  82  -1758   -890     5     5    3    6   -2      0      0     0     0
61289.00   203476   336224     8727   1739     3     4     4     3 935 639  82  -1209   -922     4     4    6   -5    7      0      0     0     0
61289.50   202872   335763     7857   2511     3     3     4     6 935 639  82  -1209   -922     7     7    6   -1    4      0      0     0     0
61290.00   202267   335302     6602   2511     4     4     5     6 935 639  82  -1209   -922     7     7   10   -4    8      0      0     0     0
