     2.00           CLOCK DATA                              RINEX VERSION / TYPE
CCRNXC V5.5         AIUB                06-SEP-26 16:49     PGM / RUN BY / DATE 
CODE RAPID PRECISE CLOCK INFORMATION                        COMMENT             
BASED ON CODE AND PHASE MEASUREMENTS                        COMMENT             
MERGED CLOCK INFORMATION FROM 5-MINUTE AND                  COMMENT             
30-SECOND CLOCK CORRECTIONS                                 COMMENT             
   GPS                                                      TIME SYSTEM ID      
G GPSEST V5.5       IGS20_2425                              SYS / PCVS APPLIED  
G GPSEST V5.5       CODE.BIA @ ftp.aiub.unibe.ch/CODE/      SYS / DCBS APPLIED  
COD  Center for Orbit Determination in Europe               ANALYSIS CENTER     
     1                                                      # OF CLK REF        
MGUE 41558M001                           0.000000000000E+00 ANALYSIS CLK REF    
                                                            END OF HEADER       
AS G04  2026 09 05 10 28 00.000000  1    0.647358724379E-04                              
AS G05  2026 09 05 10 28 00.000000  1   -0.236545135224E-03                              
AS G06  2026 09 05 10 28 00.000000  1   -0.531813047848E-03                              
AS G07  2026 09 05 10 28 00.000000  1   -0.221887004886E-03                              
AS G09  2026 09 05 10 28 00.000000  1    0.685588118199E-03                              
AS G11  2026 09 05 10 28 00.000000  1   -0.219645022699E-03                              
AS G13  2026 09 05 10 28 00.000000  1    0.438227076691E-03                              
AS G14  2026 09 05 10 28 00.000000  1    0.749969948064E-03                              
AS G15  2026 09 05 10 28 00.000000  1    0.442232042179E-03                              
AS G17  2026 09 05 10 28 00.000000  1   -0.197397550509E-03                              
AS G18  2026 09 05 10 28 00.000000  1   -0.263542198569E-03                              
AS G19  2026 09 05 10 28 00.000000  1    0.704957931362E-03                              
AS G20  2026 09 05 10 28 00.000000  1    0.278468602437E-03                              
AS G21  2026 09 05 10 28 00.000000  1    0.369298441469E-03                              
AS G22  2026 09 05 10 28 00.000000  1    0.742531333911E-04                              
AS G24  2026 09 05 10 28 00.000000  1    0.193696591847E-03                              
AS G25  2026 09 05 10 28 00.000000  1    0.391482200156E-03                              
AS G26  2026 09 05 10 28 00.000000  1   -0.391816845397E-03                              
AS G28  2026 09 05 10 28 00.000000  1   -0.422689488089E-03                              
AS G29  2026 09 05 10 28 00.000000  1   -0.248918597118E-03                              
AS G30  2026 09 05 10 28 00.000000  1    0.353613670004E-03                              
AS G31  2026 09 05 10 28 00.000000  1   -0.122854461897E-03                              
AS G04  2026 09 05 10 28 30.000000  1    0.647358793261E-04                              
AS G05  2026 09 05 10 28 30.000000  1   -0.236545226781E-03                              
AS G06  2026 09 05 10 28 30.000000  1   -0.531812720381E-03                              
AS G07  2026 09 05 10 28 30.000000  1   -0.221887139360E-03                              
AS G09  2026 09 05 10 28 30.000000  1    0.685587844341E-03                              
AS G11  2026 09 05 10 28 30.000000  1   -0.219644667884E-03                              
AS G13  2026 09 05 10 28 30.000000  1    0.438227226386E-03                              
AS G14  2026 09 05 10 28 30.000000  1    0.749969921737E-03                              
AS G15  2026 09 05 10 28 30.000000  1    0.442232254758E-03                              
AS G17  2026 09 05 10 28 30.000000  1   -0.197397681820E-03                              
AS G18  2026 09 05 10 28 30.000000  1   -0.263541942101E-03                              
AS G19  2026 09 05 10 28 30.000000  1    0.704958032777E-03                              
AS G20  2026 09 05 10 28 30.000000  1    0.278468865570E-03                              
AS G21  2026 09 05 10 28 30.000000  1    0.369298206936E-03                              
AS G22  2026 09 05 10 28 30.000000  1    0.742533433215E-04                              
AS G24  2026 09 05 10 28 30.000000  1    0.193697110103E-03                              
AS G25  2026 09 05 10 28 30.000000  1    0.391482093108E-03                              
AS G26  2026 09 05 10 28 30.000000  1   -0.391816896224E-03                              
AS G28  2026 09 05 10 28 30.000000  1   -0.422689166114E-03                              
AS G29  2026 09 05 10 28 30.000000  1   -0.248918458869E-03                              
AS G30  2026 09 05 10 28 30.000000  1    0.353614038663E-03                              
AS G31  2026 09 05 10 28 30.000000  1   -0.122854289418E-03                              
AS G04  2026 09 05 10 29 00.000000  1    0.647359004149E-04                              
AS G05  2026 09 05 10 29 00.000000  1   -0.236545390017E-03                              
AS G06  2026 09 05 10 29 00.000000  1   -0.531812396085E-03                              
AS G07  2026 09 05 10 29 00.000000  1   -0.221887107291E-03                              
AS G09  2026 09 05 10 29 00.000000  1    0.685587588109E-03                              
AS G11  2026 09 05 10 29 00.000000  1   -0.219644305419E-03                              
AS G13  2026 09 05 10 29 00.000000  1    0.438227370043E-03                              
AS G14  2026 09 05 10 29 00.000000  1    0.749969919518E-03                              
AS G15  2026 09 05 10 29 00.000000  1    0.442232310767E-03                              
AS G17  2026 09 05 10 29 00.000000  1   -0.197397706797E-03                              
AS G18  2026 09 05 10 29 00.000000  1   -0.263541677279E-03                              
AS G19  2026 09 05 10 29 00.000000  1    0.704958060131E-03                              
AS G20  2026 09 05 10 29 00.000000  1    0.278469130570E-03                              
AS G21  2026 09 05 10 29 00.000000  1    0.369297956710E-03                              
AS G22  2026 09 05 10 29 00.000000  1    0.742536234691E-04                              
AS G24  2026 09 05 10 29 00.000000  1    0.193697626133E-03                              
AS G25  2026 09 05 10 29 00.000000  1    0.391481995399E-03                              
AS G26  2026 09 05 10 29 00.000000  1   -0.391816937934E-03                              
AS G28  2026 09 05 10 29 00.000000  1   -0.422688839378E-03                              
AS G29  2026 09 05 10 29 00.000000  1   -0.248918356652E-03                              
AS G30  2026 09 05 10 29 00.000000  1    0.353614418421E-03                              
AS G31  2026 09 05 10 29 00.000000  1   -0.122854376385E-03                              
AS G04  2026 09 05 10 29 30.000000  1    0.647359086225E-04                              
AS G05  2026 09 05 10 29 30.000000  1   -0.236545229117E-03                              
AS G06  2026 09 05 10 29 30.000000  1   -0.531812064427E-03                              
AS G07  2026 09 05 10 29 30.000000  1   -0.221887141705E-03                              
AS G09  2026 09 05 10 29 30.000000  1    0.685587328809E-03                              
AS G11  2026 09 05 10 29 30.000000  1   -0.219643941158E-03                              
AS G13  2026 09 05 10 29 30.000000  1    0.438227511071E-03                              
AS G14  2026 09 05 10 29 30.000000  1    0.749969923490E-03                              
AS G15  2026 09 05 10 29 30.000000  1    0.442232293253E-03                              
AS G17  2026 09 05 10 29 30.000000  1   -0.197397896767E-03                              
AS G18  2026 09 05 10 29 30.000000  1   -0.263541419957E-03                              
AS G19  2026 09 05 10 29 30.000000  1    0.704958079400E-03                              
AS G20  2026 09 05 10 29 30.000000  1    0.278469414020E-03                              
AS G21  2026 09 05 10 29 30.000000  1    0.369297716691E-03                              
AS G22  2026 09 05 10 29 30.000000  1    0.742538220917E-04                              
AS G24  2026 09 05 10 29 30.000000  1    0.193698140367E-03                              
AS G25  2026 09 05 10 29 30.000000  1    0.391481894232E-03                              
AS G26  2026 09 05 10 29 30.000000  1   -0.391816975041E-03                              
AS G28  2026 09 05 10 29 30.000000  1   -0.422688520309E-03                              
AS G29  2026 09 05 10 29 30.000000  1   -0.248918230801E-03                              
AS G30  2026 09 05 10 29 30.000000  1    0.353614787991E-03                              
AS G31  2026 09 05 10 29 30.000000  1   -0.122854183998E-03                              
AS G04  2026 09 05 10 30 00.000000  2    0.647359118083E-04  0.119075572892E-10          
AS G05  2026 09 05 10 30 00.000000  2   -0.236544926444E-03  0.119455049305E-10          
AS G06  2026 09 05 10 30 00.000000  2   -0.531811732243E-03  0.118491512391E-10          
AS G07  2026 09 05 10 30 00.000000  2   -0.221887188623E-03  0.118617695427E-10          
AS G09  2026 09 05 10 30 00.000000  2    0.685587060616E-03  0.118311088462E-10          
AS G11  2026 09 05 10 30 00.000000  2   -0.219643578603E-03  0.118500001623E-10          
AS G13  2026 09 05 10 30 00.000000  2    0.438227652448E-03  0.121389453197E-10          
AS G14  2026 09 05 10 30 00.000000  2    0.749969908927E-03  0.120904470480E-10          
AS G15  2026 09 05 10 30 00.000000  2    0.442232353143E-03  0.121978606222E-10          
AS G17  2026 09 05 10 30 00.000000  2   -0.197398016246E-03  0.120384266529E-10          
AS G18  2026 09 05 10 30 00.000000  2   -0.263541149920E-03  0.120625119919E-10          
AS G19  2026 09 05 10 30 00.000000  2    0.704958001037E-03  0.120063473521E-10          
AS G20  2026 09 05 10 30 00.000000  2    0.278469683181E-03  0.119940014565E-10          
AS G21  2026 09 05 10 30 00.000000  2    0.369297479758E-03  0.118794506508E-10          
AS G22  2026 09 05 10 30 00.000000  2    0.742541626823E-04  0.120806831036E-10          
AS G24  2026 09 05 10 30 00.000000  2    0.193698649944E-03  0.123759459289E-10          
AS G25  2026 09 05 10 30 00.000000  2    0.391481776894E-03  0.119708635944E-10          
AS G26  2026 09 05 10 30 00.000000  2   -0.391817016191E-03  0.120843458117E-10          
AS G28  2026 09 05 10 30 00.000000  2   -0.422688200285E-03  0.121018140556E-10          
AS G29  2026 09 05 10 30 00.000000  2   -0.248918057311E-03  0.119588421049E-10          
AS G30  2026 09 05 10 30 00.000000  2    0.353615158933E-03  0.120181612480E-10          
AS G31  2026 09 05 10 30 00.000000  2   -0.122853950860E-03  0.122273541645E-10          
AS G04  2026 09 05 10 30 30.000000  1    0.647359160179E-04                              
AS G05  2026 09 05 10 30 30.000000  1   -0.236545095848E-03                              
AS G06  2026 09 05 10 30 30.000000  1   -0.531811406501E-03                              
AS G07  2026 09 05 10 30 30.000000  1   -0.221887274206E-03                              
AS G09  2026 09 05 10 30 30.000000  1    0.685586802880E-03                              
AS G11  2026 09 05 10 30 30.000000  1   -0.219643209756E-03                              
AS G13  2026 09 05 10 30 30.000000  1    0.438227799845E-03                              
AS G14  2026 09 05 10 30 30.000000  1    0.749969900340E-03                              
AS G15  2026 09 05 10 30 30.000000  1    0.442232496368E-03                              
AS G17  2026 09 05 10 30 30.000000  1   -0.197398020340E-03                              
AS G18  2026 09 05 10 30 30.000000  1   -0.263540859666E-03                              
AS G19  2026 09 05 10 30 30.000000  1    0.704957963553E-03                              
AS G20  2026 09 05 10 30 30.000000  1    0.278469961648E-03                              
AS G21  2026 09 05 10 30 30.000000  1    0.369297240810E-03                              
AS G22  2026 09 05 10 30 30.000000  1    0.742545877587E-04                              
AS G24  2026 09 05 10 30 30.000000  1    0.193699173592E-03                              
AS G25  2026 09 05 10 30 30.000000  1    0.391481669616E-03                              
AS G26  2026 09 05 10 30 30.000000  1   -0.391817065738E-03                              
AS G28  2026 09 05 10 30 30.000000  1   -0.422687885306E-03                              
AS G29  2026 09 05 10 30 30.000000  1   -0.248917834232E-03                              
AS G30  2026 09 05 10 30 30.000000  1    0.353615521415E-03                              
AS G31  2026 09 05 10 30 30.000000  1   -0.122853812300E-03                              
AS G04  2026 09 05 10 31 00.000000  1    0.647359241353E-04                              
AS G05  2026 09 05 10 31 00.000000  1   -0.236544880343E-03                              
AS G06  2026 09 05 10 31 00.000000  1   -0.531811080260E-03                              
AS G07  2026 09 05 10 31 00.000000  1   -0.221887300398E-03                              
AS G09  2026 09 05 10 31 00.000000  1    0.685586541470E-03                              
AS G11  2026 09 05 10 31 00.000000  1   -0.219642848726E-03                              
AS G13  2026 09 05 10 31 00.000000  1    0.438227948797E-03                              
AS G14  2026 09 05 10 31 00.000000  1    0.749969892433E-03                              
AS G15  2026 09 05 10 31 00.000000  1    0.442232591196E-03                              
AS G17  2026 09 05 10 31 00.000000  1   -0.197398176341E-03                              
AS G18  2026 09 05 10 31 00.000000  1   -0.263540581264E-03                              
AS G19  2026 09 05 10 31 00.000000  1    0.704958010178E-03                              
AS G20  2026 09 05 10 31 00.000000  1    0.278470233045E-03                              
AS G21  2026 09 05 10 31 00.000000  1    0.369296994285E-03                              
AS G22  2026 09 05 10 31 00.000000  1    0.742550137919E-04                              
AS G24  2026 09 05 10 31 00.000000  1    0.193699683722E-03                              
AS G25  2026 09 05 10 31 00.000000  1    0.391481571959E-03                              
AS G26  2026 09 05 10 31 00.000000  1   -0.391817148735E-03                              
AS G28  2026 09 05 10 31 00.000000  1   -0.422687573119E-03                              
AS G29  2026 09 05 10 31 00.000000  1   -0.248917553146E-03                              
AS G30  2026 09 05 10 31 00.000000  1    0.353615897114E-03                              
AS G31  2026 09 05 10 31 00.000000  1   -0.122853771971E-03                              
AS G04  2026 09 05 10 31 30.000000  1    0.647359316809E-04                              
AS G05  2026 09 05 10 31 30.000000  1   -0.236544962145E-03                              
AS G06  2026 09 05 10 31 30.000000  1   -0.531810756848E-03                              
AS G07  2026 09 05 10 31 30.000000  1   -0.221887400861E-03                              
AS G09  2026 09 05 10 31 30.000000  1    0.685586282591E-03                              
AS G11  2026 09 05 10 31 30.000000  1   -0.219642493728E-03                              
AS G13  2026 09 05 10 31 30.000000  1    0.438228095283E-03                              
AS G14  2026 09 05 10 31 30.000000  1    0.749969902703E-03                              
AS G15  2026 09 05 10 31 30.000000  1    0.442232655177E-03                              
AS G17  2026 09 05 10 31 30.000000  1   -0.197398378934E-03                              
AS G18  2026 09 05 10 31 30.000000  1   -0.263540325014E-03                              
AS G19  2026 09 05 10 31 30.000000  1    0.704958011793E-03                              
AS G20  2026 09 05 10 31 30.000000  1    0.278470510324E-03                              
AS G21  2026 09 05 10 31 30.000000  1    0.369296746400E-03                              
AS G22  2026 09 05 10 31 30.000000  1    0.742553030541E-04                              
AS G24  2026 09 05 10 31 30.000000  1    0.193700209168E-03                              
AS G25  2026 09 05 10 31 30.000000  1    0.391481458800E-03                              
AS G26  2026 09 05 10 31 30.000000  1   -0.391817191507E-03                              
AS G28  2026 09 05 10 31 30.000000  1   -0.422687242107E-03                              
AS G29  2026 09 05 10 31 30.000000  1   -0.248917342640E-03                              
AS G30  2026 09 05 10 31 30.000000  1    0.353616264975E-03                              
AS G31  2026 09 05 10 31 30.000000  1   -0.122853669955E-03                              
AS G04  2026 09 05 10 32 00.000000  1    0.647359324651E-04                              
AS G05  2026 09 05 10 32 00.000000  1   -0.236545000365E-03                              
AS G06  2026 09 05 10 32 00.000000  1   -0.531810436263E-03                              
AS G07  2026 09 05 10 32 00.000000  1   -0.221887517560E-03                              
AS G09  2026 09 05 10 32 00.000000  1    0.685586007460E-03                              
AS G11  2026 09 05 10 32 00.000000  1   -0.219642136506E-03                              
AS G13  2026 09 05 10 32 00.000000  1    0.438228240152E-03                              
AS G14  2026 09 05 10 32 00.000000  1    0.749969897550E-03                              
AS G15  2026 09 05 10 32 00.000000  1    0.442232715149E-03                              
AS G17  2026 09 05 10 32 00.000000  1   -0.197398589082E-03                              
AS G18  2026 09 05 10 32 00.000000  1   -0.263540066607E-03                              
AS G19  2026 09 05 10 32 00.000000  1    0.704958027370E-03                              
AS G20  2026 09 05 10 32 00.000000  1    0.278470789918E-03                              
AS G21  2026 09 05 10 32 00.000000  1    0.369296498872E-03                              
AS G22  2026 09 05 10 32 00.000000  1    0.742555506836E-04                              
AS G24  2026 09 05 10 32 00.000000  1    0.193700724660E-03                              
AS G25  2026 09 05 10 32 00.000000  1    0.391481362648E-03                              
AS G26  2026 09 05 10 32 00.000000  1   -0.391817228435E-03                              
AS G28  2026 09 05 10 32 00.000000  1   -0.422686924496E-03                              
AS G29  2026 09 05 10 32 00.000000  1   -0.248917174820E-03                              
AS G30  2026 09 05 10 32 00.000000  1    0.353616627172E-03                              
AS G31  2026 09 05 10 32 00.000000  1   -0.122853689243E-03                              
AS G04  2026 09 05 10 32 30.000000  1    0.647359485879E-04                              
AS G05  2026 09 05 10 32 30.000000  1   -0.236545088447E-03                              
AS G06  2026 09 05 10 32 30.000000  1   -0.531810099721E-03                              
AS G07  2026 09 05 10 32 30.000000  1   -0.221887606470E-03                              
AS G09  2026 09 05 10 32 30.000000  1    0.685585747374E-03                              
AS G11  2026 09 05 10 32 30.000000  1   -0.219641766402E-03                              
AS G13  2026 09 05 10 32 30.000000  1    0.438228386726E-03                              
AS G14  2026 09 05 10 32 30.000000  1    0.749969893830E-03                              
AS G15  2026 09 05 10 32 30.000000  1    0.442232816495E-03                              
AS G17  2026 09 05 10 32 30.000000  1   -0.197398794298E-03                              
AS G18  2026 09 05 10 32 30.000000  1   -0.263539811110E-03                              
AS G19  2026 09 05 10 32 30.000000  1    0.704958028954E-03                              
AS G20  2026 09 05 10 32 30.000000  1    0.278471061007E-03                              
AS G21  2026 09 05 10 32 30.000000  1    0.369296246679E-03                              
AS G22  2026 09 05 10 32 30.000000  1    0.742558199278E-04                              
AS G24  2026 09 05 10 32 30.000000  1    0.193701243342E-03                              
AS G25  2026 09 05 10 32 30.000000  1    0.391481258210E-03                              
AS G26  2026 09 05 10 32 30.000000  1   -0.391817283554E-03                              
AS G28  2026 09 05 10 32 30.000000  1   -0.422686611840E-03                              
AS G29  2026 09 05 10 32 30.000000  1   -0.248917077464E-03                              
AS G30  2026 09 05 10 32 30.000000  1    0.353616990004E-03                              
AS G31  2026 09 05 10 32 30.000000  1   -0.122853664261E-03                              
AS G04  2026 09 05 10 33 00.000000  1    0.647359522846E-04                              
AS G05  2026 09 05 10 33 00.000000  1   -0.236544980479E-03                              
AS G06  2026 09 05 10 33 00.000000  1   -0.531809772851E-03                              
AS G07  2026 09 05 10 33 00.000000  1   -0.221887658418E-03                              
AS G09  2026 09 05 10 33 00.000000  1    0.685585487000E-03                              
AS G11  2026 09 05 10 33 00.000000  1   -0.219641407051E-03                              
AS G13  2026 09 05 10 33 00.000000  1    0.438228535059E-03                              
AS G14  2026 09 05 10 33 00.000000  1    0.749969894901E-03                              
AS G15  2026 09 05 10 33 00.000000  1    0.442232888122E-03                              
AS G17  2026 09 05 10 33 00.000000  1   -0.197398850042E-03                              
AS G18  2026 09 05 10 33 00.000000  1   -0.263539540549E-03                              
AS G19  2026 09 05 10 33 00.000000  1    0.704958011486E-03                              
AS G20  2026 09 05 10 33 00.000000  1    0.278471327978E-03                              
AS G21  2026 09 05 10 33 00.000000  1    0.369296000684E-03                              
AS G22  2026 09 05 10 33 00.000000  1    0.742560976618E-04                              
AS G24  2026 09 05 10 33 00.000000  1    0.193701761755E-03                              
AS G25  2026 09 05 10 33 00.000000  1    0.391481146755E-03                              
AS G26  2026 09 05 10 33 00.000000  1   -0.391817323930E-03                              
AS G28  2026 09 05 10 33 00.000000  1   -0.422686291530E-03                              
AS G29  2026 09 05 10 33 00.000000  1   -0.248916830867E-03                              
AS G30  2026 09 05 10 33 00.000000  1    0.353617357621E-03                              
AS G31  2026 09 05 10 33 00.000000  1   -0.122853538565E-03                              
AS G04  2026 09 05 10 33 30.000000  1    0.647359559481E-04                              
AS G05  2026 09 05 10 33 30.000000  1   -0.236545102229E-03                              
AS G06  2026 09 05 10 33 30.000000  1   -0.531809431596E-03                              
AS G07  2026 09 05 10 33 30.000000  1   -0.221887775247E-03                              
AS G09  2026 09 05 10 33 30.000000  1    0.685585219222E-03                              
AS G11  2026 09 05 10 33 30.000000  1   -0.219641041305E-03                              
AS G13  2026 09 05 10 33 30.000000  1    0.438228676923E-03                              
AS G14  2026 09 05 10 33 30.000000  1    0.749969884467E-03                              
AS G15  2026 09 05 10 33 30.000000  1    0.442232977861E-03                              
AS G17  2026 09 05 10 33 30.000000  1   -0.197398984432E-03                              
AS G18  2026 09 05 10 33 30.000000  1   -0.263539278659E-03                              
AS G19  2026 09 05 10 33 30.000000  1    0.704957935847E-03                              
AS G20  2026 09 05 10 33 30.000000  1    0.278471597938E-03                              
AS G21  2026 09 05 10 33 30.000000  1    0.369295763481E-03                              
AS G22  2026 09 05 10 33 30.000000  1    0.742562519305E-04                              
AS G24  2026 09 05 10 33 30.000000  1    0.193702276255E-03                              
AS G25  2026 09 05 10 33 30.000000  1    0.391481044325E-03                              
AS G26  2026 09 05 10 33 30.000000  1   -0.391817357719E-03                              
AS G28  2026 09 05 10 33 30.000000  1   -0.422685974864E-03                              
AS G29  2026 09 05 10 33 30.000000  1   -0.248916478885E-03                              
AS G30  2026 09 05 10 33 30.000000  1    0.353617733619E-03                              
AS G31  2026 09 05 10 33 30.000000  1   -0.122853330475E-03                              
AS G04  2026 09 05 10 34 00.000000  1    0.647359602746E-04                              
AS G05  2026 09 05 10 34 00.000000  1   -0.236545006103E-03                              
AS G06  2026 09 05 10 34 00.000000  1   -0.531809120124E-03                              
AS G07  2026 09 05 10 34 00.000000  1   -0.221887855325E-03                              
AS G09  2026 09 05 10 34 00.000000  1    0.685584945260E-03                              
AS G11  2026 09 05 10 34 00.000000  1   -0.219640671504E-03                              
AS G13  2026 09 05 10 34 00.000000  1    0.438228824598E-03                              
AS G14  2026 09 05 10 34 00.000000  1    0.749969877578E-03                              
AS G15  2026 09 05 10 34 00.000000  1    0.442233039022E-03                              
AS G17  2026 09 05 10 34 00.000000  1   -0.197399089584E-03                              
AS G18  2026 09 05 10 34 00.000000  1   -0.263539008043E-03                              
AS G19  2026 09 05 10 34 00.000000  1    0.704958085375E-03                              
AS G20  2026 09 05 10 34 00.000000  1    0.278471865413E-03                              
AS G21  2026 09 05 10 34 00.000000  1    0.369295524243E-03                              
AS G22  2026 09 05 10 34 00.000000  1    0.742564715903E-04                              
AS G24  2026 09 05 10 34 00.000000  1    0.193702794917E-03                              
AS G25  2026 09 05 10 34 00.000000  1    0.391480931329E-03                              
AS G26  2026 09 05 10 34 00.000000  1   -0.391817396505E-03                              
AS G28  2026 09 05 10 34 00.000000  1   -0.422685646658E-03                              
AS G29  2026 09 05 10 34 00.000000  1   -0.248916120102E-03                              
AS G30  2026 09 05 10 34 00.000000  1    0.353618100472E-03                              
AS G31  2026 09 05 10 34 00.000000  1   -0.122853164113E-03                              
AS G04  2026 09 05 10 34 30.000000  1    0.647359602237E-04                              
AS G05  2026 09 05 10 34 30.000000  1   -0.236544930043E-03                              
AS G06  2026 09 05 10 34 30.000000  1   -0.531808800060E-03                              
AS G07  2026 09 05 10 34 30.000000  1   -0.221888046719E-03                              
AS G09  2026 09 05 10 34 30.000000  1    0.685584678312E-03                              
AS G11  2026 09 05 10 34 30.000000  1   -0.219640308207E-03                              
AS G13  2026 09 05 10 34 30.000000  1    0.438228973194E-03                              
AS G14  2026 09 05 10 34 30.000000  1    0.749969866179E-03                              
AS G15  2026 09 05 10 34 30.000000  1    0.442233214007E-03                              
AS G17  2026 09 05 10 34 30.000000  1   -0.197399273422E-03                              
AS G18  2026 09 05 10 34 30.000000  1   -0.263538739286E-03                              
AS G19  2026 09 05 10 34 30.000000  1    0.704958190850E-03                              
AS G20  2026 09 05 10 34 30.000000  1    0.278472135806E-03                              
AS G21  2026 09 05 10 34 30.000000  1    0.369295282741E-03                              
AS G22  2026 09 05 10 34 30.000000  1    0.742566963014E-04                              
AS G24  2026 09 05 10 34 30.000000  1    0.193703303185E-03                              
AS G25  2026 09 05 10 34 30.000000  1    0.391480832127E-03                              
AS G26  2026 09 05 10 34 30.000000  1   -0.391817446176E-03                              
AS G28  2026 09 05 10 34 30.000000  1   -0.422685317764E-03                              
AS G29  2026 09 05 10 34 30.000000  1   -0.248915972187E-03                              
AS G30  2026 09 05 10 34 30.000000  1    0.353618467995E-03                              
AS G31  2026 09 05 10 34 30.000000  1   -0.122853039554E-03                              
AS G04  2026 09 05 10 35 00.000000  2    0.647359649433E-04  0.117409359717E-10          
AS G05  2026 09 05 10 35 00.000000  2   -0.236545041570E-03  0.117979521079E-10          
AS G06  2026 09 05 10 35 00.000000  2   -0.531808477733E-03  0.117077473504E-10          
AS G07  2026 09 05 10 35 00.000000  2   -0.221888214631E-03  0.117201775446E-10          
AS G09  2026 09 05 10 35 00.000000  2    0.685584412430E-03  0.116881635305E-10          
AS G11  2026 09 05 10 35 00.000000  2   -0.219639951912E-03  0.117066026434E-10          
AS G13  2026 09 05 10 35 00.000000  2    0.438229119116E-03  0.120199896118E-10          
AS G14  2026 09 05 10 35 00.000000  2    0.749969855221E-03  0.119509903046E-10          
AS G15  2026 09 05 10 35 00.000000  2    0.442233432410E-03  0.120399873445E-10          
AS G17  2026 09 05 10 35 00.000000  2   -0.197399403878E-03  0.118996555032E-10          
AS G18  2026 09 05 10 35 00.000000  2   -0.263538471771E-03  0.118941480336E-10          
AS G19  2026 09 05 10 35 00.000000  2    0.704958158963E-03  0.118685104794E-10          
AS G20  2026 09 05 10 35 00.000000  2    0.278472407248E-03  0.118467191118E-10          
AS G21  2026 09 05 10 35 00.000000  2    0.369295044825E-03  0.117307439043E-10          
AS G22  2026 09 05 10 35 00.000000  2    0.742568449417E-04  0.119456529923E-10          
AS G24  2026 09 05 10 35 00.000000  2    0.193703812733E-03  0.122239877115E-10          
AS G25  2026 09 05 10 35 00.000000  2    0.391480721830E-03  0.118340681367E-10          
AS G26  2026 09 05 10 35 00.000000  2   -0.391817489589E-03  0.119461731949E-10          
AS G28  2026 09 05 10 35 00.000000  2   -0.422684992066E-03  0.119548020297E-10          
AS G29  2026 09 05 10 35 00.000000  2   -0.248915857201E-03  0.117875826899E-10          
AS G30  2026 09 05 10 35 00.000000  2    0.353618844502E-03  0.118590121290E-10          
AS G31  2026 09 05 10 35 00.000000  2   -0.122852932961E-03  0.120841287161E-10          
AS G04  2026 09 05 10 35 30.000000  1    0.647359840834E-04                              
AS G05  2026 09 05 10 35 30.000000  1   -0.236545149317E-03                              
AS G06  2026 09 05 10 35 30.000000  1   -0.531808146460E-03                              
AS G07  2026 09 05 10 35 30.000000  1   -0.221888226296E-03                              
AS G09  2026 09 05 10 35 30.000000  1    0.685584150348E-03                              
AS G11  2026 09 05 10 35 30.000000  1   -0.219639584449E-03                              
AS G13  2026 09 05 10 35 30.000000  1    0.438229261253E-03                              
AS G14  2026 09 05 10 35 30.000000  1    0.749969856015E-03                              
AS G15  2026 09 05 10 35 30.000000  1    0.442233539801E-03                              
AS G17  2026 09 05 10 35 30.000000  1   -0.197399522173E-03                              
AS G18  2026 09 05 10 35 30.000000  1   -0.263538185495E-03                              
AS G19  2026 09 05 10 35 30.000000  1    0.704958184769E-03                              
AS G20  2026 09 05 10 35 30.000000  1    0.278472688057E-03                              
AS G21  2026 09 05 10 35 30.000000  1    0.369294813480E-03                              
AS G22  2026 09 05 10 35 30.000000  1    0.742571203802E-04                              
AS G24  2026 09 05 10 35 30.000000  1    0.193704340608E-03                              
AS G25  2026 09 05 10 35 30.000000  1    0.391480614018E-03                              
AS G26  2026 09 05 10 35 30.000000  1   -0.391817528989E-03                              
AS G28  2026 09 05 10 35 30.000000  1   -0.422684675447E-03                              
AS G29  2026 09 05 10 35 30.000000  1   -0.248915610079E-03                              
AS G30  2026 09 05 10 35 30.000000  1    0.353619224161E-03                              
AS G31  2026 09 05 10 35 30.000000  1   -0.122852922181E-03                              
AS G04  2026 09 05 10 36 00.000000  1    0.647359949049E-04                              
AS G05  2026 09 05 10 36 00.000000  1   -0.236545118443E-03                              
AS G06  2026 09 05 10 36 00.000000  1   -0.531807821385E-03                              
AS G07  2026 09 05 10 36 00.000000  1   -0.221888371243E-03                              
AS G09  2026 09 05 10 36 00.000000  1    0.685583878870E-03                              
AS G11  2026 09 05 10 36 00.000000  1   -0.219639228420E-03                              
AS G13  2026 09 05 10 36 00.000000  1    0.438229398827E-03                              
AS G14  2026 09 05 10 36 00.000000  1    0.749969849378E-03                              
AS G15  2026 09 05 10 36 00.000000  1    0.442233519355E-03                              
AS G17  2026 09 05 10 36 00.000000  1   -0.197399713040E-03                              
AS G18  2026 09 05 10 36 00.000000  1   -0.263537920693E-03                              
AS G19  2026 09 05 10 36 00.000000  1    0.704958196175E-03                              
AS G20  2026 09 05 10 36 00.000000  1    0.278472951246E-03                              
AS G21  2026 09 05 10 36 00.000000  1    0.369294570208E-03                              
AS G22  2026 09 05 10 36 00.000000  1    0.742574580077E-04                              
AS G24  2026 09 05 10 36 00.000000  1    0.193704856156E-03                              
AS G25  2026 09 05 10 36 00.000000  1    0.391480518974E-03                              
AS G26  2026 09 05 10 36 00.000000  1   -0.391817576236E-03                              
AS G28  2026 09 05 10 36 00.000000  1   -0.422684351761E-03                              
AS G29  2026 09 05 10 36 00.000000  1   -0.248915470108E-03                              
AS G30  2026 09 05 10 36 00.000000  1    0.353619600258E-03                              
AS G31  2026 09 05 10 36 00.000000  1   -0.122852918478E-03                              
AS G04  2026 09 05 10 36 30.000000  1    0.647360069078E-04                              
AS G05  2026 09 05 10 36 30.000000  1   -0.236544709520E-03                              
AS G06  2026 09 05 10 36 30.000000  1   -0.531807494499E-03                              
AS G07  2026 09 05 10 36 30.000000  1   -0.221888512501E-03                              
AS G09  2026 09 05 10 36 30.000000  1    0.685583619166E-03                              
AS G11  2026 09 05 10 36 30.000000  1   -0.219638862003E-03                              
AS G13  2026 09 05 10 36 30.000000  1    0.438229545206E-03                              
AS G14  2026 09 05 10 36 30.000000  1    0.749969845151E-03                              
AS G15  2026 09 05 10 36 30.000000  1    0.442233496283E-03                              
AS G17  2026 09 05 10 36 30.000000  1   -0.197399906064E-03                              
AS G18  2026 09 05 10 36 30.000000  1   -0.263537670088E-03                              
AS G19  2026 09 05 10 36 30.000000  1    0.704958115726E-03                              
AS G20  2026 09 05 10 36 30.000000  1    0.278473228369E-03                              
AS G21  2026 09 05 10 36 30.000000  1    0.369294336159E-03                              
AS G22  2026 09 05 10 36 30.000000  1    0.742576848493E-04                              
AS G24  2026 09 05 10 36 30.000000  1    0.193705384063E-03                              
AS G25  2026 09 05 10 36 30.000000  1    0.391480411301E-03                              
AS G26  2026 09 05 10 36 30.000000  1   -0.391817608038E-03                              
AS G28  2026 09 05 10 36 30.000000  1   -0.422684032742E-03                              
AS G29  2026 09 05 10 36 30.000000  1   -0.248915308482E-03                              
AS G30  2026 09 05 10 36 30.000000  1    0.353619969184E-03                              
AS G31  2026 09 05 10 36 30.000000  1   -0.122852899430E-03                              
AS G04  2026 09 05 10 37 00.000000  1    0.647360203995E-04                              
AS G05  2026 09 05 10 37 00.000000  1   -0.236544740177E-03                              
AS G06  2026 09 05 10 37 00.000000  1   -0.531807169256E-03                              
AS G07  2026 09 05 10 37 00.000000  1   -0.221888612609E-03                              
AS G09  2026 09 05 10 37 00.000000  1    0.685583361471E-03                              
AS G11  2026 09 05 10 37 00.000000  1   -0.219638494076E-03                              
AS G13  2026 09 05 10 37 00.000000  1    0.438229698381E-03                              
AS G14  2026 09 05 10 37 00.000000  1    0.749969841018E-03                              
AS G15  2026 09 05 10 37 00.000000  1    0.442233587345E-03                              
AS G17  2026 09 05 10 37 00.000000  1   -0.197400020086E-03                              
AS G18  2026 09 05 10 37 00.000000  1   -0.263537397683E-03                              
AS G19  2026 09 05 10 37 00.000000  1    0.704958069885E-03                              
AS G20  2026 09 05 10 37 00.000000  1    0.278473511542E-03                              
AS G21  2026 09 05 10 37 00.000000  1    0.369294089967E-03                              
AS G22  2026 09 05 10 37 00.000000  1    0.742578352596E-04                              
AS G24  2026 09 05 10 37 00.000000  1    0.193705948329E-03                              
AS G25  2026 09 05 10 37 00.000000  1    0.391480319320E-03                              
AS G26  2026 09 05 10 37 00.000000  1   -0.391817644664E-03                              
AS G28  2026 09 05 10 37 00.000000  1   -0.422683708631E-03                              
AS G29  2026 09 05 10 37 00.000000  1   -0.248915033584E-03                              
AS G30  2026 09 05 10 37 00.000000  1    0.353620338785E-03                              
AS G31  2026 09 05 10 37 00.000000  1   -0.122852776133E-03                              
